chrom	rsID	chr_position	A1	A2	effect_weight	VarFreq_Ashkenazi	VarFreq_Caribbean	VarFreq_China	VarFreq_India	VarFreq_Iran	VarFreq_Italy	VarFreq_Nigeria	VarFreq_Poland	VarFreq_United
1	rs3131683	40513710	T	C	0.00188276046568065	0.2621	0.7256	0.5373	0.5126	0.3926	0.322	0.7643	0.3234	0.3335
1	rs1126973	40539076	C	T	9.98170769167511e-05	0.1811	0.3732	0.3487	0.3284	0.2432	0.235	0.3788	0.2404	0.2705
1	rs10789078	40547287	T	C	0.000195028916022735	0.2256	0.724	0.4599	0.4128	0.3156	0.2993	0.7609	0.307	0.3217
1	rs3131660	40547950	C	T	0.00126458914780987	0.2256	0.7262	0.4609	0.4135	0.3157	0.2994	0.7644	0.3069	0.3218
1	rs12038117	40658546	T	G	0.000426408148357343	0.3237	0.76	0.4965	0.4734	0.3385	0.3659	0.7884	0.3887	0.4276
1	rs3901222	54808435	T	C	0.000248202404887932	0.295	0.03336	0.0108	0.203	0.2794	0.3172	0.004775	0.3342	0.3237
1	rs10798652	179061427	C	T	-0.00451346556655744	0.3592	0.3026	0.4695	0.442	0.3783	0.4501	0.2772	0.4802	0.4632
1	rs11207310	40481100	G	A	-0.00180163344208181	0.6616	0.0816	0.2965	0.4451	0.5889	0.6408	0.0248	0.6308	0.6229
1	rs2184905	40672408	G	A	-2.29130196719244e-05	0.6763	0.2399	0.5032	0.5268	0.6615	0.6341	0.2114	0.6113	0.5724
1	rs11206337	54820315	C	A	0.000262522755987373	0.6847	0.4117	0.5638	0.7971	0.7344	0.7073	0.3708	0.7256	0.7181
1	rs11163185	75809764	C	T	0.00508891411400583	0.5772	0.611	0.1257	0.59	0.5296	0.5512	0.6167	0.6085	0.6044
1	rs1343517	75811811	T	C	0.00194318424604184	0.5758	0.7181	0.126	0.591	0.5305	0.5517	0.7432	0.6085	0.6046
1	rs6703265	76076390	G	A	0.00114086369921155	0.7395	0.8441	0.1616	0.6129	0.7393	0.7335	0.8551	0.6946	0.6634
1	rs10493765	85941403	C	A	5.06313665466469e-05	0.7577	0.96476	0.8185	0.8837	0.8419	0.7508	0.995837	0.6541	0.6851
1	rs17352281	145558824	A	C	-0.00163650570878567	0.6358	0.6719	0.8323	0.725	0.721	0.6204	0.6916	0.5821	0.579
1	rs12725164	178984086	C	T	-0.0204288898923845	0.5133	0.3558	0.6895	0.583	0.5504	0.6042	0.3286	0.6484	0.6212
1	rs12567630	178986624	T	C	-0.00131618995718086	0.5574	0.5923	0.7606	0.5856	0.5456	0.6108	0.5915	0.6483	0.6189
1	rs7520456	178989464	G	A	-0.0117887006943395	0.5447	0.5441	0.7598	0.5854	0.5543	0.6174	0.5343	0.6517	0.6264
1	rs12144380	198564497	T	C	0.00428724516631882	0.6509	0.7834	0.5143	0.5839	0.6353	0.6879	0.7916	0.7241	0.7158
1	rs12145827	240596675	C	T	-0.000116645765637261	0.4208	0.92574	0.5924	0.5143	0.5809	0.557	0.96486	0.5859	0.5643
1	rs4654291	246716604	C	T	-0.00125629262467953	0.6023	0.6911	0.8944	0.697	0.6642	0.5978	0.7035	0.5461	0.5306
2	rs1597616	2598181	A	G	1.79668396511097e-05	0.2672	0.05762	0.1384	0.1534	0.2154	0.2576	0.03611	0.2359	0.2552
2	rs2891741	2613960	A	G	0.000430776032832405	0.2708	0.07363	0.1696	0.1631	0.2289	0.264	0.0522	0.2401	0.2593
2	rs1260326	27730940	T	C	-0.102417950983216	0.5261	0.1261	0.5035	0.2606	0.4751	0.4828	0.09452	0.419	0.3932
2	rs4953408	46886565	A	C	0.00216992801926444	0.4626	0.3373	0.2787	0.4579	0.474	0.4741	0.3084	0.4862	0.4705
2	rs6545313	53222840	A	G	0.000964813395800457	0.5427	0.1084	0.5806	0.3405	0.536	0.5479	0.05482	0.4272	0.4969
2	rs6545316	53223038	A	G	1.68785660525987e-07	0.5449	0.1747	0.5875	0.342	0.5381	0.5491	0.1284	0.4279	0.4972
2	rs3815573	170012452	A	G	-0.00122137296493386	0.5496	0.3684	0.8797	0.4822	0.4992	0.4757	0.3417	0.4623	0.4582
2	rs11884342	170023318	G	A	-0.0131844260275674	0.5514	0.5593	0.8938	0.4872	0.5037	0.4782	0.5568	0.4628	0.4585
2	rs7604433	177260099	A	G	-0.00239461005933875	0.428	0.6368	0.7848	0.7135	0.5686	0.4201	0.669	0.4373	0.4039
2	rs1446135	4822515	A	G	0.00031123724185403	0.584	0.7087	0.6832	0.5523	0.5652	0.5746	0.7281	0.5685	0.5656
2	rs2167407	19580534	A	C	0.000289509398309118	0.598	0.5482	0.1253	0.6242	0.7028	0.6506	0.5377	0.6305	0.6695
2	rs1559497	31118058	A	G	0.000875730897301165	0.5133	0.4559	0.4254	0.4401	0.5022	0.539	0.4535	0.4764	0.5288
2	rs4663038	127423066	G	T	-0.0124915277770785	0.7597	0.8071	0.462	0.6461	0.7726	0.7579	0.8126	0.7336	0.6989
2	rs7423892	161329644	C	T	-0.00504211841660071	0.4422	0.4484	0.8954	0.5958	0.5164	0.5161	0.4509	0.5449	0.5341
2	rs10178094	161336406	C	A	-0.000108472734421928	0.4418	0.4472	0.8951	0.5948	0.5157	0.5152	0.4494	0.5451	0.5329
2	rs2367797	180724510	T	C	-0.000130894879960616	0.619	0.5934	0.8414	0.6146	0.6633	0.6314	0.5978	0.6144	0.6156
2	rs1549589	218811135	G	A	-0.00294870714206103	0.7629	0.2882	0.672	0.7293	0.7277	0.7551	0.2193	0.7934	0.7705
2	rs13398226	236958097	C	T	-0.00680800975520241	0.7002	0.6854	0.5013	0.6172	0.6255	0.6507	0.6984	0.6242	0.6327
3	rs9882017	22646735	G	A	0.00101724686882629	0.4677	0.1749	0.3598	0.4014	0.4767	0.4766	0.1361	0.4302	0.4529
3	rs11129516	32394968	A	G	-0.00413200606585753	0.3915	0.7856	0.4397	0.486	0.4706	0.4123	0.8284	0.3998	0.3814
3	rs13074733	133718619	T	C	-0.00280877577125545	0.4769	0.7778	0.9872	0.5333	0.398	0.4553	0.8259	0.4605	0.4856
3	rs1469007	190324570	G	T	-0.00206533040479468	0.235	0.4005	0.1656	0.2725	0.3265	0.3021	0.4162	0.2543	0.3036
3	rs6781037	190327521	G	A	-0.0105082254615892	0.2351	0.5529	0.1676	0.2746	0.3281	0.3032	0.5913	0.2548	0.3035
3	rs7621069	27868849	C	A	0.00162400510936565	0.7127	0.7824	0.5585	0.5704	0.6972	0.6168	0.8157	0.5305	0.5264
3	rs6766635	32664232	G	A	-0.000245710587116119	0.6807	0.2072	0.703	0.7098	0.6983	0.7364	0.1466	0.7447	0.7437
3	rs11718629	32670232	G	A	-0.000200096664814044	0.7011	0.5929	0.7439	0.7734	0.7473	0.7712	0.5762	0.7819	0.7659
3	rs16830368	159155377	G	T	-0.000631209935805909	0.5072	0.4648	0.7882	0.7439	0.6262	0.5231	0.4569	0.4995	0.4991
3	rs6763892	160400751	A	G	-0.00135817899619242	0.6705	0.3111	0.613	0.6	0.647	0.6389	0.2564	0.595	0.6142
3	rs3844289	186927679	T	G	-0.0341003853743107	0.5729	0.7672	0.4264	0.5123	0.4905	0.513	0.8026	0.4832	0.5185
3	rs11720718	186941429	G	A	-0.000403313929668053	0.6926	0.95369	0.8273	0.7022	0.664	0.6278	0.995166	0.5644	0.6117
3	rs850312	186953808	C	T	-0.00117121637152188	0.703	0.95684	0.7947	0.7331	0.6573	0.6612	0.992654	0.6209	0.6618
4	rs6825132	5121450	G	T	-0.000362971101055522	0.4838	0.8377	0.7717	0.4876	0.4289	0.4521	0.88	0.4495	0.4241
4	rs734553	9923004	G	T	0.000455391300295204	0.2541	0.5452	0.02026	0.277	0.3117	0.2707	0.5979	0.2408	0.2385
4	rs7660895	9985445	A	G	0.0390546467995578	0.338	0.4128	0.4181	0.372	0.371	0.2986	0.4259	0.2526	0.2522
4	rs7663032	9993838	C	T	0.0144130485057561	0.3412	0.353	0.4893	0.3632	0.3527	0.2876	0.3521	0.2463	0.237
4	rs4529048	9997112	C	A	0.00338321636181338	0.3356	0.3187	0.4135	0.3342	0.3553	0.2889	0.3125	0.2491	0.2428
4	rs1014290	10001861	G	A	0.0187845625239034	0.3264	0.3089	0.4063	0.3255	0.3386	0.2816	0.3024	0.2467	0.2399
4	rs6853437	10005435	G	A	0.00137580055816704	0.2755	0.4254	0.4831	0.3276	0.3069	0.2199	0.4421	0.21	0.1823
4	rs6834555	10062326	G	A	0.0033958376339263	0.298	0.252	0.4706	0.3331	0.3362	0.2457	0.2522	0.2321	0.2081
4	rs16895984	10284727	C	T	0.00191205816425837	0.4	0.5807	0.4712	0.3334	0.4058	0.3418	0.6092	0.2962	0.292
4	rs4697781	10704867	A	G	-0.000964099513631259	0.3967	0.4862	0.2464	0.268	0.2404	0.355	0.5033	0.3545	0.3765
4	rs12646293	61872517	T	C	-0.0211358877326497	0.4888	0.7369	0.6175	0.5311	0.5359	0.4446	0.7815	0.3532	0.3758
4	rs3114018	89064581	A	C	0.0363274299124792	0.4202	0.6881	0.3614	0.4347	0.469	0.488	0.703	0.4644	0.463
4	rs2622626	89066715	C	A	0.00121922550561371	0.4286	0.6962	0.3309	0.462	0.4676	0.4952	0.7098	0.4711	0.4727
4	rs2170780	96244241	G	A	0.00219650381181632	0.3699	0.402	0.1524	0.284	0.3619	0.3672	0.4136	0.3682	0.3592
4	rs6533531	111731965	G	T	-0.00156593092990948	0.5356	0.8652	0.8983	0.5702	0.483	0.4432	0.9353	0.3837	0.3593
4	rs3866831	111732114	G	A	-0.00207236050934124	0.5354	0.8654	0.8985	0.5704	0.4834	0.4434	0.9361	0.384	0.3592
4	rs2168681	183343563	G	A	-0.00287452796295641	0.5816	0.7591	0.6805	0.4118	0.5234	0.5376	0.7908	0.4915	0.4946
4	rs12642310	6408723	T	G	9.621771877461e-05	0.6462	0.7352	0.3147	0.709	0.7186	0.7392	0.7408	0.7248	0.739
4	rs10805346	9920347	T	C	-0.107493525983462	0.5847	0.3724	0.3058	0.3648	0.4767	0.5647	0.3415	0.5591	0.5709
4	rs16890979	9922167	C	T	-0.0726377998245979	0.7601	0.556	0.98028	0.7517	0.7153	0.7486	0.5201	0.7666	0.7765
4	rs13129697	9926967	T	G	-0.0830576542094297	0.6849	0.3901	0.51	0.5779	0.6021	0.6876	0.3423	0.7257	0.7339
4	rs7675964	9941434	C	T	-0.109502718116146	0.6552	0.4192	0.511	0.5633	0.5955	0.6783	0.3791	0.7234	0.7267
4	rs12498742	9944052	A	G	-0.000229368583132995	0.7201	0.4492	0.97969	0.7247	0.6974	0.7321	0.4033	0.7715	0.7677
4	rs11723439	9951819	C	T	-0.00490578729296042	0.7497	0.91837	0.98324	0.8107	0.7733	0.7819	0.92943	0.7947	0.8038
4	rs6813385	10148828	T	C	0.000145747279357408	0.6892	0.5819	0.4792	0.4951	0.6463	0.6243	0.571	0.5092	0.5563
4	rs887725	10183895	C	T	0.00130665511353725	0.6479	0.6896	0.6026	0.4858	0.6169	0.573	0.7258	0.466	0.5065
4	rs4698009	10284993	T	C	-0.000767826526825166	0.7282	0.7534	0.853	0.8056	0.7628	0.7614	0.7467	0.7735	0.7891
4	rs11943276	10403545	T	C	-0.00967925591264817	0.7021	0.868	0.97302	0.803	0.743	0.7388	0.8845	0.7618	0.7726
4	rs11944586	21556769	G	A	6.09790693774841e-05	0.7736	0.8805	0.7067	0.8195	0.7774	0.7835	0.8987	0.8215	0.7696
4	rs1481012	89039082	A	G	0.0031599614312311	0.9382	0.97762	0.6924	0.91857	0.93853	0.92113	0.992116	0.8985	0.8872
4	rs2231142	89052323	G	T	0.512518556757148	0.93823	0.97851	0.688	0.91699	0.93546	0.91831	0.992287	0.8975	0.8857
4	rs4148155	89054667	A	G	0.00419966411207207	0.93823	0.98224	0.6886	0.91744	0.93546	0.91859	0.99779	0.8975	0.8857
4	rs4148149	89062285	T	G	-0.0153757957415995	0.7128	0.4065	0.7122	0.5989	0.6436	0.6567	0.3772	0.6439	0.6633
4	rs2622605	89079386	T	C	0.0445905486261601	0.5066	0.784	0.3377	0.5422	0.5646	0.5673	0.7856	0.547	0.5317
4	rs3114020	89083666	T	C	0.00661970304357976	0.5066	0.7848	0.339	0.5354	0.5641	0.566	0.7856	0.5456	0.5311
4	rs2622609	89088475	A	C	0.0263246369745086	0.5069	0.8232	0.3356	0.5313	0.5621	0.5674	0.8396	0.5489	0.5321
4	rs1448817	111641053	A	G	0.0023523936615048	0.513	0.5445	0.2704	0.6211	0.623	0.6567	0.5127	0.7343	0.7565
5	rs253184	60910890	T	C	-0.0129124255748874	0.2763	0.2855	0.2366	0.2061	0.2844	0.3146	0.2814	0.3164	0.3202
5	rs42467	89853069	C	T	-9.97206160038085e-05	0.4268	0.4025	0.3987	0.3857	0.3658	0.4384	0.4001	0.4129	0.4525
5	rs6881493	163615094	A	G	-0.00272215609087248	0.3693	0.3319	0.2974	0.3613	0.3761	0.391	0.3169	0.4192	0.4337
5	rs2695985	165688851	G	A	0.000147617838750931	0.5526	0.6198	0.3037	0.4676	0.5306	0.5036	0.6431	0.5396	0.4918
5	rs455326	34648725	G	A	-0.000107397334759702	0.6481	0.6417	0.4613	0.6657	0.6131	0.6071	0.6481	0.57	0.5959
5	rs158337	73423727	G	A	-0.00457487679156496	0.5791	0.5035	0.5868	0.5177	0.5374	0.5482	0.4894	0.5335	0.5463
6	rs3863225	7032317	G	A	-0.000186597878669434	0.4545	0.8321	0.9976	0.7063	0.5112	0.4693	0.8762	0.4514	0.4669
6	rs9328398	7046763	C	T	-0.00146461100186507	0.4769	0.8228	0.9965	0.6699	0.4852	0.4525	0.8694	0.4223	0.4442
6	rs4713064	10923522	C	T	-0.00013660839992564	0.6207	0.5824	0.6019	0.4646	0.567	0.543	0.5916	0.4877	0.4729
6	rs2762353	25794431	A	G	0.00558727228711343	0.5138	0.09989	0.1527	0.482	0.4955	0.4685	0.05424	0.4589	0.4321
6	rs1165215	25798932	G	A	0.000942162925576124	0.5138	0.09989	0.1534	0.4821	0.4959	0.4684	0.05424	0.459	0.4321
6	rs1165213	25799676	G	A	0.000154002666471055	0.5138	0.09989	0.1534	0.4821	0.4959	0.4684	0.05424	0.459	0.4321
6	rs1165196	25813150	G	A	0.0238754064389597	0.5138	0.1001	0.1534	0.4822	0.4955	0.4685	0.05424	0.4589	0.4322
6	rs2235735	55929347	T	C	-0.0004372482846225	0.4633	0.3952	0.1539	0.4411	0.4854	0.4786	0.4024	0.4677	0.4343
6	rs205959	118480795	T	C	2.58534848891958e-05	0.3149	0.1411	0.3351	0.1782	0.2488	0.2867	0.1328	0.2956	0.2852
6	rs13199297	121436070	A	G	0.00555902577484475	0.5428	0.9316	0.8898	0.6998	0.6289	0.5084	0.9921	0.4656	0.4524
6	rs10499109	121637802	C	T	0.00580927334477208	0.5014	0.9274	0.8876	0.6832	0.5923	0.4772	0.9888	0.4387	0.4384
6	rs3757130	25770866	G	A	-0.0359727978359204	0.5223	0.92496	0.8557	0.5398	0.5343	0.5545	0.96209	0.559	0.5814
6	rs3799344	25786993	C	T	-0.0235624391097915	0.5052	0.6709	0.7875	0.5313	0.5199	0.5343	0.6677	0.5474	0.5644
7	rs2848848	13767139	A	G	0.00187728567836772	0.3735	0.1957	0.1428	0.2677	0.3228	0.3518	0.1588	0.3629	0.3602
7	rs4598147	22151968	A	C	-0.000553171963780822	0.3177	0.3145	0.6118	0.2667	0.3321	0.3727	0.2862	0.3957	0.3977
7	rs853057	80590518	T	C	-0.000112613225007848	0.4965	0.7612	0.7392	0.469	0.5383	0.4891	0.7716	0.4484	0.4753
7	rs4543441	17983297	G	A	-0.00807919505327149	0.5923	0.6777	0.7004	0.7033	0.6896	0.5858	0.7066	0.5618	0.5115
7	rs4721672	17986098	T	C	-0.0095856901049709	0.588	0.7209	0.6988	0.7057	0.6901	0.5838	0.7423	0.5583	0.5059
7	rs2109090	35270988	G	A	-0.000810467076587394	0.626	0.7458	0.7453	0.6285	0.6691	0.6313	0.7651	0.6211	0.6123
7	rs2103187	71053738	G	A	0.000976363207085793	0.5743	0.94299	0.994041	0.7673	0.654	0.5936	0.98742	0.6048	0.5993
7	rs12539316	72977898	A	G	-0.00397613188782912	0.7612	0.6568	0.915	0.8184	0.7607	0.743	0.6543	0.754	0.7171
7	rs4728418	137140222	G	A	-0.00297151757694886	0.6709	0.96099	0.5351	0.6498	0.6589	0.6596	0.993266	0.681	0.6641
8	rs531355	16710177	G	A	-0.0022841807442432	0.5478	0.62	0.5719	0.3769	0.5559	0.5321	0.6478	0.451	0.4534
8	rs767145	19726130	A	G	0.00111214852244607	0.4494	0.4857	0.5073	0.4074	0.4634	0.4441	0.5115	0.4188	0.4163
8	rs10955255	102536405	A	G	0.000380400197353895	0.4505	0.8099	0.7745	0.6425	0.5345	0.4359	0.8641	0.422	0.4157
8	rs477516	16713991	C	T	-0.00246781283980711	0.7615	0.6916	0.6264	0.4998	0.6754	0.7451	0.6936	0.7084	0.7211
8	rs7813392	21896097	A	G	-0.00263920012564672	0.6173	0.6361	0.43	0.6602	0.6822	0.6297	0.6572	0.593	0.6041
8	rs4531002	32501987	C	T	0.00481014323998958	0.6855	0.804	0.8884	0.7403	0.7194	0.6554	0.826	0.5817	0.6313
8	rs2466048	32516055	T	G	0.00395427706569928	0.5742	0.4105	0.1361	0.5489	0.6164	0.5839	0.4056	0.5275	0.5604
8	rs13255644	32803573	C	T	0.000722957564110768	0.7948	0.8457	0.998909	0.896	0.8514	0.7719	0.8716	0.6748	0.7165
8	rs7460258	32959945	T	C	-0.00379241998439183	0.5656	0.6351	0.2807	0.4535	0.4922	0.529	0.6483	0.6157	0.5567
8	rs6468141	32962851	G	T	-0.000455273113798226	0.5663	0.268	0.2967	0.4517	0.4927	0.5375	0.2154	0.6424	0.5674
8	rs13258143	32980045	C	T	0.000385728165788352	0.6979	0.90526	0.97438	0.8506	0.7671	0.6784	0.94155	0.6039	0.6375
8	rs10954904	33171588	A	G	-0.000595661561359572	0.6468	0.3809	0.1821	0.4277	0.5527	0.6321	0.3344	0.6793	0.6682
8	rs11773958	33179652	G	A	-0.00136501462503585	0.6468	0.3799	0.1812	0.4276	0.552	0.6321	0.3346	0.6794	0.6684
8	rs1529605	102261691	C	T	6.42947180619052e-05	0.5813	0.7363	0.8094	0.4405	0.5255	0.5418	0.7581	0.4843	0.4943
8	rs7004923	104135949	T	C	-0.000194326222842424	0.6618	0.7887	0.8702	0.7196	0.6353	0.6533	0.8202	0.6848	0.6559
9	rs10969031	2934146	T	C	-0.000846362475185843	0.3019	0.3163	0.4005	0.3738	0.2772	0.3359	0.3112	0.3602	0.3888
9	rs3008714	16015859	C	A	-0.00203714754420175	0.321	0.3061	0.2154	0.4245	0.3205	0.3761	0.2799	0.4048	0.4395
9	rs1359352	29477968	C	T	-0.000367930769026499	0.3077	0.1206	0.09525	0.288	0.3716	0.3207	0.1041	0.3186	0.3298
9	rs7025913	29480065	A	G	-0.00226161082404337	0.3076	0.1188	0.09508	0.2826	0.371	0.3206	0.1009	0.3183	0.3295
9	rs6559962	89652307	T	C	-0.00147420442427964	0.3082	0.5685	0.4414	0.4456	0.3481	0.3411	0.5807	0.4067	0.3902
9	rs10868528	89652807	A	G	-4.80749720808303e-05	0.3082	0.5684	0.4416	0.4456	0.3481	0.3411	0.5808	0.4067	0.3902
9	rs4527960	89663023	T	C	-0.00387369073097773	0.2884	0.7106	0.4422	0.4292	0.3291	0.3209	0.7424	0.3683	0.3621
9	rs1929831	29363582	A	G	-0.014486816212611	0.7206	0.6913	0.8641	0.7435	0.7349	0.7251	0.6869	0.7379	0.734
9	rs10869601	78230797	C	T	1.2669229124948e-05	0.629	0.6754	0.7198	0.6483	0.6566	0.632	0.6854	0.6464	0.6282
10	rs10740762	52361844	A	G	0.000154933750631418	0.3358	0.3343	0.6887	0.4379	0.3413	0.3299	0.3255	0.3367	0.3278
10	rs1171617	61467182	G	T	0.00144133523281287	0.2137	0.2167	0.001896	0.166	0.2136	0.2382	0.2239	0.2073	0.2324
10	rs1171616	61468589	G	T	0.00157627984483262	0.2136	0.2198	0.001897	0.1653	0.2134	0.2374	0.2277	0.2068	0.2316
10	rs1171615	61469090	C	T	0.00258914429648321	0.2136	0.2195	0.001897	0.1647	0.2098	0.2364	0.2276	0.206	0.231
10	rs7923936	129234393	T	C	0.000247689537084456	0.2604	0.1464	0.3738	0.3372	0.317	0.3297	0.1073	0.4022	0.389
10	rs12358866	52373976	G	T	0.00125965845842961	0.6857	0.4747	0.8925	0.722	0.678	0.6304	0.4418	0.5912	0.6038
10	rs3001883	52407610	A	G	-0.00202271002279017	0.6771	0.94687	0.6973	0.7592	0.6886	0.6855	0.97299	0.6843	0.6798
10	rs1171618	61465941	T	C	0.0026029575602788	0.6644	0.6942	0.0600000000000001	0.4729	0.6424	0.6676	0.71	0.5771	0.6224
11	rs1386158	11060903	C	T	0.00272537523687012	0.4116	0.5035	0.399	0.3627	0.4242	0.4384	0.5237	0.4295	0.4502
11	rs901750	47209472	G	A	-7.65196532972616e-05	0.4796	0.1798	0.2201	0.3467	0.4042	0.4576	0.1376	0.441	0.447
11	rs7124676	64313291	G	A	-0.000239021846044403	0.4704	0.9175	0.983	0.5956	0.5135	0.4713	0.9717	0.5159	0.4286
11	rs2078267	64334114	C	T	-0.0999331569987334	0.4739	0.8928	0.9835	0.6019	0.5221	0.4891	0.9411	0.5223	0.4517
11	rs10128543	76420184	A	G	-0.000782282268185523	0.4852	0.4796	0.4455	0.3332	0.4221	0.5106	0.4727	0.5176	0.4912
11	rs1870277	80992519	A	G	0.0438109548535456	0.4788	0.84	0.8506	0.4832	0.4852	0.4608	0.8907	0.4408	0.3922
11	rs10082694	126632195	A	G	0.0026916819356856	0.451	0.2128	0.7838	0.4931	0.4502	0.4021	0.177	0.3961	0.3829
11	rs629681	30761727	C	T	0.00118827145123814	0.6488	0.6638	0.4837	0.4314	0.5658	0.6128	0.6768	0.5906	0.5717
11	rs599448	30762964	A	G	6.76494113666084e-05	0.6488	0.6638	0.4837	0.4314	0.5658	0.6128	0.6768	0.5906	0.5717
11	rs10767874	30776952	G	A	0.0147044551318698	0.7154	0.8726	0.5852	0.6172	0.6937	0.698	0.8869	0.6694	0.652
11	rs3740690	47188592	T	C	0.000240211030588505	0.5166	0.91934	0.7761	0.6577	0.5997	0.5435	0.96376	0.5614	0.5566
11	rs11227281	65496558	T	C	0.0126734251918536	0.6091	0.8079	0.7712	0.6067	0.6176	0.6559	0.8073	0.5793	0.6565
11	rs948494	65552118	G	A	0.0829857171686576	0.6086	0.8963	0.7685	0.6077	0.6168	0.6577	0.91318	0.5792	0.6579
11	rs642803	65560620	C	T	-0.000646754900579811	0.536	0.7194	0.5954	0.4694	0.5405	0.5251	0.7468	0.5917	0.5349
11	rs644740	65561468	C	T	-0.00131882151222757	0.536	0.7133	0.5966	0.4688	0.5409	0.5255	0.7407	0.5939	0.5355
11	rs11019461	91130507	C	T	-0.0011927721893703	0.7054	0.421	0.7053	0.6123	0.6703	0.6826	0.3967	0.6599	0.6778
12	rs2535392	711646	T	C	0.000238686988036159	0.481	0.2645	0.5226	0.5747	0.4885	0.4328	0.2443	0.4365	0.398
12	rs2731401	61702105	C	T	0.00145299841206509	0.4051	0.3232	0.5722	0.4898	0.4424	0.4809	0.2906	0.4953	0.4698
12	rs12299074	102252463	T	C	-0.00745849088691217	0.8016	0.4412	0.4597	0.716	0.7322	0.7641	0.4031	0.7554	0.7805
12	rs4625536	119559098	A	C	-0.000766450019231135	0.6498	0.7367	0.5078	0.6125	0.6393	0.6027	0.7591	0.5902	0.577
12	rs1880030	122484540	G	A	-0.00627112064039591	0.5086	0.6785	0.5357	0.5709	0.4922	0.5357	0.6801	0.5893	0.553
12	rs1316787	122489101	C	A	-0.00530577011432571	0.5081	0.3348	0.5168	0.5631	0.4827	0.5339	0.3125	0.5909	0.556
12	rs2280573	122492598	A	G	-0.000996675397209571	0.4084	0.3283	0.5225	0.519	0.4224	0.4749	0.3101	0.5631	0.519
13	rs2026690	47483177	G	T	-0.00224036712416873	0.4094	0.6511	0.361	0.5048	0.4409	0.4441	0.6767	0.4291	0.4532
13	rs2761164	100463807	C	T	-0.000132847259198697	0.3697	0.2145	0.05592	0.2509	0.3621	0.4325	0.203	0.4704	0.4584
13	rs2181607	100467527	T	G	-0.00107154469645085	0.37	0.08765	0.06661	0.2499	0.3576	0.4314	0.03961	0.471	0.4616
13	rs12855930	37430041	C	T	-0.00038325967893147	0.7059	0.9411	0.8962	0.7998	0.7228	0.6996	0.97435	0.726	0.6941
13	rs9531986	37432859	A	G	0.00053749540176078	0.6013	0.7889	0.7659	0.6696	0.6449	0.6053	0.8155	0.5612	0.5691
14	rs985037	85981363	G	T	0.000415353878854913	0.4821	0.2191	0.1259	0.4157	0.4092	0.4591	0.1904	0.4781	0.4744
14	rs1955432	85981679	A	G	0.00135275067976862	0.5041	0.426	0.1747	0.441	0.4196	0.4678	0.4304	0.4793	0.4757
14	rs4904253	85985712	T	C	1.46411438342034e-05	0.4944	0.4289	0.1763	0.4459	0.4199	0.4662	0.4322	0.4808	0.476
14	rs7156374	33377672	C	A	-0.000590093884869948	0.867	0.706	0.8416	0.6714	0.7668	0.7564	0.7054	0.6978	0.6808
14	rs1253690	52382815	T	C	-0.000285717952393742	0.6878	0.6384	0.91374	0.6104	0.5926	0.5927	0.6425	0.5414	0.5751
14	rs11623043	99352907	C	T	0.00507754924308294	0.4742	0.5529	0.3477	0.5927	0.5853	0.5197	0.569	0.5244	0.5374
14	rs10873496	99359720	A	G	0.000137581220901866	0.6485	0.2289	0.2114	0.5703	0.6574	0.6196	0.186	0.5996	0.6145
15	rs435293	74513228	T	C	-0.0102319421356059	0.4364	0.5102	0.5477	0.5925	0.4379	0.3798	0.5264	0.3617	0.3707
15	rs1127796	75193004	T	C	-0.000759864675537327	0.5303	0.9284	0.8264	0.7788	0.6474	0.5209	0.9873	0.5199	0.4233
15	rs11072512	75204026	C	T	-0.00230336594865681	0.5303	0.9267	0.8265	0.7791	0.6477	0.5213	0.9869	0.5202	0.4234
15	rs4886748	76175128	C	A	0.00145925094203135	0.4267	0.7583	0.5425	0.3561	0.3747	0.4579	0.7889	0.5331	0.4831
15	rs8035752	43092112	C	T	0.00122919436004335	0.67	0.123	0.6433	0.5236	0.6184	0.7195	0.0518999999999999	0.7431	0.716
15	rs956129	67629175	G	A	0.00053525613857715	0.6342	0.7379	0.998102	0.7761	0.642	0.5715	0.7765	0.5762	0.5486
15	rs35107470	74817689	A	G	-0.000232354058611664	0.8412	0.96895	0.9994565	0.92739	0.91924	0.8	0.996568	0.7268	0.6867
15	rs427459	84103691	C	A	-0.000584216411436615	0.5867	0.7196	0.6298	0.3434	0.4198	0.5405	0.7201	0.5335	0.5612
15	rs3889876	92811803	C	A	0.00124371174911855	0.5657	0.3199	0.6385	0.6546	0.5921	0.5135	0.2868	0.5254	0.5319
16	rs3785229	7670999	A	G	-0.000444770604860589	0.5451	0.8878	0.7973	0.6522	0.5582	0.4816	0.9377	0.4837	0.4621
16	rs4238618	12946129	G	A	-0.00717569693225635	0.4747	0.1076	0.2486	0.3548	0.5244	0.5142	0.06933	0.4902	0.4985
16	rs4404074	26111935	T	C	0.000585730483753541	0.5695	0.6334	0.6015	0.585	0.5902	0.5137	0.6633	0.4958	0.4831
16	rs6499333	70701280	G	A	0.00640716240159475	0.4933	0.6494	0.6743	0.6505	0.5612	0.4912	0.6893	0.5021	0.4902
16	rs12921822	7052774	C	T	-0.000462908336899858	0.6264	0.8892	0.1783	0.3846	0.5621	0.5976	0.93842	0.5521	0.5707
16	rs11644336	7654082	C	T	-4.48405832119275e-05	0.6304	0.90521	0.8531	0.6899	0.6319	0.5727	0.95298	0.5824	0.5345
16	rs2937121	69870409	T	G	-0.00374357815452193	0.5371	0.91534	0.8601	0.6446	0.6137	0.5858	0.96523	0.5329	0.5819
16	rs11075779	70723314	C	T	0.0172188709174892	0.4648	0.6576	0.6681	0.6385	0.5697	0.4956	0.6751	0.5266	0.4959
17	rs10852860	3416172	A	G	0.00661421377812923	0.3517	0.7442	0.363	0.2559	0.2794	0.3709	0.783	0.4326	0.4303
17	rs9916020	50799828	G	A	-0.0013576569750938	0.456	0.617	0.3072	0.4305	0.4304	0.4085	0.6729	0.3351	0.3534
17	rs9909561	2740799	C	T	0.00409202662698752	0.5834	0.5047	0.5103	0.4639	0.4812	0.5315	0.505	0.4767	0.5048
18	rs1022177	1046304	T	C	-0.00239239180767301	0.4693	0.1251	0.2697	0.3667	0.4558	0.4529	0.08014	0.4469	0.4876
18	rs984355	7114212	T	C	-0.00189581515487671	0.3297	0.0891	0.009692	0.1975	0.2777	0.3316	0.06397	0.4054	0.3491
18	rs1397335	7125204	A	G	-0.00889552053717815	0.4465	0.8475	0.4195	0.3745	0.3913	0.4377	0.9076	0.4852	0.4486
18	rs334419	7127580	C	T	-5.10389939605853e-05	0.4477	0.6816	0.4239	0.3743	0.3878	0.4388	0.7242	0.4888	0.4551
18	rs14062	19450303	A	G	-5.42820936294597e-05	0.3317	0.8362	0.4582	0.4651	0.3944	0.3595	0.8972	0.3196	0.3226
18	rs9973056	74568937	C	T	-0.000458290296871216	0.6567	0.7494	0.4785	0.5515	0.5725	0.6426	0.7662	0.6182	0.6442
20	rs564744	921971	A	G	-4.64910394305265e-05	0.2819	0.4095	0.5948	0.5288	0.3701	0.3312	0.4161	0.378	0.371
20	rs1028905	60037066	G	A	-9.81408400725887e-05	0.6266	0.7288	0.6778	0.5924	0.5961	0.571	0.7559	0.4725	0.512
22	rs8138196	30656635	A	G	-0.0212394773405567	0.431	0.08843	0.7212	0.6208	0.5282	0.4801	0.03618	0.4917	0.465
22	rs5753137	30836313	T	C	0.00271322217109121	0.4734	0.2711	0.5639	0.4976	0.4011	0.455	0.2508	0.5165	0.4916
22	rs5765475	45959337	C	T	-0.00148960604771337	0.3668	0.2406	0.4616	0.4672	0.3912	0.3953	0.2246	0.4275	0.4338
22	rs6008205	47826334	C	T	-0.000871957321630136	0.5366	0.4838	0.3188	0.5128	0.458	0.5219	0.4645	0.5064	0.5371
